Bin0: 0.000345353 -0.000873964 
Bin1: 0.0101116 -0.00241361 
Bin2: 0.0290171 -0.010149 
Bin3: 0.098005 -0.0507638 
Bin4: 13.3609 -0.242585 
