Bin0: 4.81151e-05 -0.000277456 
Bin1: 0.000407138 -0.00554292 
Bin2: 0.00206178 -0.0159374 
Bin3: 0.00613309 -0.0618289 
Bin4: 2.49395 -0.431508 
