Bin0: 0.000332901 -0.00159082 
Bin1: 0.00259919 -0.0162978 
Bin2: 0.0144512 -0.0301542 
Bin3: 0.0477599 -0.120642 
Bin4: 20.5302 -0.77044 
