Bin0: 0.00056776 0.000115003 
Bin1: 0.00160131 -9.43121e-05 
Bin2: 0.022545 -0.00825492 
Bin3: 0.102062 -0.0286906 
Bin4: 16.6435 -0.150516 
