Bin0: 0.000225467 -0.00182566 
Bin1: 0.00159922 -0.00973068 
Bin2: 0.0186255 -0.0161765 
Bin3: 0.0544346 -0.0627097 
Bin4: 26.6523 -0.364032 
