Bin0: 4.8306e-07 8.87045e-05 
Bin1: 3.4627e-06 -6.75117e-05 
Bin2: 1.7359e-05 0.000606105 
Bin3: 5.17591e-05 0.000443468 
Bin4: 0.0050165 0.00141944 
