Bin0: 4.75273e-05 -0.000496329 
Bin1: 0.000313622 -0.00448216 
Bin2: 0.00294153 -0.0106393 
Bin3: 0.0134169 -0.0358419 
Bin4: 3.10715 -0.214625 
