Bin0: 9.36777e-06 -0.000563574 
Bin1: 3.19084e-05 -0.000665178 
Bin2: 0.000559147 -0.00258186 
Bin3: 0.000864068 -0.00299602 
Bin4: 0.18782 -0.00802686 
