Bin0: 1.10852e-05 0.000384291 
Bin1: 7.89352e-05 0.000497716 
Bin2: 0.0003432 0.00136797 
Bin3: 0.000997984 -0.00642241 
Bin4: 0.134921 -0.00690019 
