Bin0: 1.63458e-06 0.000287271 
Bin1: 2.2612e-05 0.000328044 
Bin2: 8.78848e-05 0.000799208 
Bin3: 0.000357792 0.00984751 
Bin4: 0.0510099 -0.00719937 
