Bin0: 0.000572864 -0.000597905 
Bin1: 0.0029084 -0.0115262 
Bin2: 0.0143898 -0.00309986 
Bin3: 0.0367645 -0.0626861 
Bin4: 4.63281 -0.177295 
