Bin0: 4.32215e-06 0.000381221 
Bin1: 3.24474e-05 0.000697445 
Bin2: 0.000115071 0.00226086 
Bin3: 0.000344043 0.0022592 
Bin4: 0.0529664 -0.000528831 
