Bin0: 0.000630357 0.00150746 
Bin1: 0.00258748 0.00130113 
Bin2: 0.0118997 -0.0240221 
Bin3: 0.0328028 -0.0385476 
Bin4: 7.98759 -0.211367 
