Bin0: 1.33395e-06 -0.000214284 
Bin1: 8.74789e-06 0.000175096 
Bin2: 4.70416e-05 -0.00152608 
Bin3: 0.0001524 -0.00113604 
Bin4: 0.0150262 -0.00368909 
