Bin0: 2.40919e-06 -0.000323426 
Bin1: 0.000202991 -0.000992812 
Bin2: 0.00035768 -0.003254 
Bin3: 0.000798529 -0.00183907 
Bin4: 0.121027 -0.00707634 
