Bin0: 0.00181133 -0.00183422 
Bin1: 0.00481527 -0.0193952 
Bin2: 0.0153294 -0.0398886 
Bin3: 0.0525713 -0.102911 
Bin4: 11.9236 -0.512585 
