Bin0: 9.45596e-05 -0.000191896 
Bin1: 0.00143699 -0.00365266 
Bin2: 0.00484805 -0.00780655 
Bin3: 0.0142006 -0.0242753 
Bin4: 1.87389 -0.144613 
