Bin0: 2.87006e-06 0.000188472 
Bin1: 2.02179e-05 0.000244665 
Bin2: 0.000100383 0.000743777 
Bin3: 0.000317092 0.00271852 
Bin4: 0.0293889 -0.00220307 
