Bin0: 1.08034e-06 0.00019052 
Bin1: 8.12244e-06 0.000347092 
Bin2: 2.87734e-05 0.0011319 
Bin3: 8.6019e-05 0.00113019 
Bin4: 0.0132416 -0.000264415 
