Bin0: 0.000475034 0.000423895 
Bin1: 0.00531005 -0.00258201 
Bin2: 0.0355991 -0.00639885 
Bin3: 0.0592054 -0.00911269 
Bin4: 9.0747 -0.0979339 
