Bin0: 2.73137e-07 7.66703e-05 
Bin1: 5.09776e-06 0.000213303 
Bin2: 1.27588e-05 0.000401541 
Bin3: 5.414e-05 -0.000583731 
Bin4: 0.00848246 0.00113548 
