Bin0: 2.04423e-05 0.000328018 
Bin1: 0.000147425 9.2327e-05 
Bin2: 0.00134399 0.00189895 
Bin3: 0.00219258 -0.00195135 
Bin4: 0.265791 0.00322216 
