Bin0: 4.20064e-05 0.000806201 
Bin1: 0.000103651 0.00101765 
Bin2: 0.000940183 0.00223724 
Bin3: 0.00261863 0.00328755 
Bin4: 0.445475 -0.0011591 
