Bin0: 1.25466e-05 3.86435e-05 
Bin1: 7.79616e-05 0.000531544 
Bin2: 0.000423761 1.76623e-05 
Bin3: 0.00113581 0.000734049 
Bin4: 0.0797138 0.000835749 
