Bin0: 7.15165e-06 0.000266992 
Bin1: 2.0858e-05 0.000562988 
Bin2: 0.000140694 0.00140099 
Bin3: 0.000379908 -0.000317838 
Bin4: 0.0303922 0.00440192 
