Bin0: 0.000417182 -0.00127349 
Bin1: 0.000561253 -0.00977438 
Bin2: 0.00190038 -0.0172411 
Bin3: 0.00815653 -0.0594173 
Bin4: 1.33207 -0.294423 
