Bin0: 6.15012e-07 -0.000236075 
Bin1: 1.63322e-05 -0.000580724 
Bin2: 3.31373e-05 -0.00120859 
Bin3: 0.000145057 -0.00178055 
Bin4: 0.0252775 -0.00351952 
