Bin0: 1.78442e-06 0.000134811 
Bin1: 5.20683e-06 0.000280466 
Bin2: 3.5175e-05 0.000700835 
Bin3: 9.49778e-05 -0.00015875 
Bin4: 0.00759805 0.00220096 
